
==== Gaussian Naive Bayes ====
Confusion Matrix:
 [[295   1  12   0   4   2  12   1  31   1]
 [  0 254   1   0   1   0   4   0   1   3]
 [  2   0 141   3   3   4  12   1  31   1]
 [  6   0  10  78   1   4   4   6  48   9]
 [  0   4   4   0  56   1   8   5   5 117]
 [ 10   1   2   3   2  74  36   2  23   7]
 [  3   6   5   0   0   2 151   0   3   0]
 [  0   1   1   0   3   0   0 132   1   9]
 [  1   1   5   1   2   5   2   0 110  39]
 [  0  10   0   0   2   0   0   9   3 153]]
Classification Report:
               precision    recall  f1-score   support

           0       0.93      0.82      0.87       359
           1       0.91      0.96      0.94       264
           2       0.78      0.71      0.74       198
           3       0.92      0.47      0.62       166
           4       0.76      0.28      0.41       200
           5       0.80      0.46      0.59       160
           6       0.66      0.89      0.76       170
           7       0.85      0.90      0.87       147
           8       0.43      0.66      0.52       166
           9       0.45      0.86      0.59       177

    accuracy                           0.72      2007
   macro avg       0.75      0.70      0.69      2007
weighted avg       0.77      0.72      0.72      2007

Accuracy: 0.7194818136522172
=========================================

==== K-Nearest Neighbors ====
Confusion Matrix:
 [[355   0   3   0   0   0   0   0   0   1]
 [  0 258   0   0   3   0   2   1   0   0]
 [  8   0 183   1   1   0   0   2   3   0]
 [  3   0   2 153   0   6   0   1   0   1]
 [  0   2   0   0 183   2   2   2   1   8]
 [  5   0   3   3   0 144   0   0   1   4]
 [  3   1   1   0   2   0 163   0   0   0]
 [  0   1   1   1   4   0   0 138   1   1]
 [  4   0   3   4   0   1   0   1 151   2]
 [  2   0   0   0   3   0   0   4   0 168]]
Classification Report:
               precision    recall  f1-score   support

           0       0.93      0.99      0.96       359
           1       0.98      0.98      0.98       264
           2       0.93      0.92      0.93       198
           3       0.94      0.92      0.93       166
           4       0.93      0.92      0.92       200
           5       0.94      0.90      0.92       160
           6       0.98      0.96      0.97       170
           7       0.93      0.94      0.93       147
           8       0.96      0.91      0.93       166
           9       0.91      0.95      0.93       177

    accuracy                           0.94      2007
   macro avg       0.94      0.94      0.94      2007
weighted avg       0.95      0.94      0.94      2007

Accuracy: 0.9446935724962631
=========================================

==== Logistic Regression ====
Confusion Matrix:
 [[347   0   1   3   3   2   1   1   1   0]
 [  0 252   1   3   4   0   2   1   1   0]
 [  2   0 169   4  11   3   0   2   6   1]
 [  1   0   3 147   1   9   0   2   2   1]
 [  1   2   5   1 177   2   3   2   2   5]
 [  2   0   0   9   1 139   2   1   2   4]
 [  0   0   3   0   3   2 161   0   1   0]
 [  0   0   2   2   5   0   0 133   0   5]
 [  6   0   5   2   2   6   0   1 142   2]
 [  0   1   0   0   3   1   0   2   3 167]]
Classification Report:
               precision    recall  f1-score   support

           0       0.97      0.97      0.97       359
           1       0.99      0.95      0.97       264
           2       0.89      0.85      0.87       198
           3       0.86      0.89      0.87       166
           4       0.84      0.89      0.86       200
           5       0.85      0.87      0.86       160
           6       0.95      0.95      0.95       170
           7       0.92      0.90      0.91       147
           8       0.89      0.86      0.87       166
           9       0.90      0.94      0.92       177

    accuracy                           0.91      2007
   macro avg       0.91      0.91      0.91      2007
weighted avg       0.91      0.91      0.91      2007

Accuracy: 0.9138016940707524
=========================================

==== Support Vector Machine ====
Confusion Matrix:
 [[354   0   2   0   1   0   1   0   1   0]
 [  0 257   0   0   4   0   3   0   0   0]
 [  1   0 186   2   2   1   0   1   5   0]
 [  2   0   3 148   0  10   0   0   3   0]
 [  0   1   2   0 189   1   1   1   1   4]
 [  2   0   0   4   1 150   0   0   1   2]
 [  1   0   2   0   3   1 163   0   0   0]
 [  0   0   1   0   5   0   0 139   0   2]
 [  2   0   2   2   0   2   1   0 156   1]
 [  0   0   0   1   6   0   0   0   0 170]]
Classification Report:
               precision    recall  f1-score   support

           0       0.98      0.99      0.98       359
           1       1.00      0.97      0.98       264
           2       0.94      0.94      0.94       198
           3       0.94      0.89      0.92       166
           4       0.90      0.94      0.92       200
           5       0.91      0.94      0.92       160
           6       0.96      0.96      0.96       170
           7       0.99      0.95      0.97       147
           8       0.93      0.94      0.94       166
           9       0.95      0.96      0.96       177

    accuracy                           0.95      2007
   macro avg       0.95      0.95      0.95      2007
weighted avg       0.95      0.95      0.95      2007

Accuracy: 0.9526656701544594
=========================================

==== (My) Support Vector Machine ====
Confusion Matrix:
 [[347   0   1   1   3   2   1   0   3   1]
 [  0 251   0   3   5   0   3   0   1   1]
 [  5   1 168   4   9   3   1   2   5   0]
 [  1   0   6 137   1  17   0   1   1   2]
 [  2   1   5   0 181   1   2   1   1   6]
 [  5   0   0   7   3 142   0   0   0   3]
 [  1   0   3   0   3   5 156   0   2   0]
 [  2   0   3   1   4   1   0 131   0   5]
 [  5   1   4   5   6   8   1   1 133   2]
 [  0   2   2   0   6   1   0   2   1 163]]
Classification Report:
               precision    recall  f1-score   support

           0       0.94      0.97      0.95       359
           1       0.98      0.95      0.97       264
           2       0.88      0.85      0.86       198
           3       0.87      0.83      0.85       166
           4       0.82      0.91      0.86       200
           5       0.79      0.89      0.84       160
           6       0.95      0.92      0.93       170
           7       0.95      0.89      0.92       147
           8       0.90      0.80      0.85       166
           9       0.89      0.92      0.91       177

    accuracy                           0.90      2007
   macro avg       0.90      0.89      0.89      2007
weighted avg       0.90      0.90      0.90      2007

Accuracy: 0.9013452914798207
=========================================

==== Decision Tree ====
Confusion Matrix:
 [[329   0   8   6   3   6   5   0   2   0]
 [  0 246   3   0   5   0   2   1   6   1]
 [  8   0 150   6   7   5   6   2  12   2]
 [  4   1   5 125   2  16   1   1   6   5]
 [  5   5   5   1 164   2   2   1   4  11]
 [  7   0   6  10   3 120   5   1   5   3]
 [  2   0   7   4   4   4 144   0   4   1]
 [  0   2   1   2   4   0   3 127   2   6]
 [  7   4   6   9   5   7   3   1 115   9]
 [  0   4   2   5  14   1   0   1   6 144]]
Classification Report:
               precision    recall  f1-score   support

           0       0.91      0.92      0.91       359
           1       0.94      0.93      0.94       264
           2       0.78      0.76      0.77       198
           3       0.74      0.75      0.75       166
           4       0.78      0.82      0.80       200
           5       0.75      0.75      0.75       160
           6       0.84      0.85      0.84       170
           7       0.94      0.86      0.90       147
           8       0.71      0.69      0.70       166
           9       0.79      0.81      0.80       177

    accuracy                           0.83      2007
   macro avg       0.82      0.81      0.82      2007
weighted avg       0.83      0.83      0.83      2007

Accuracy: 0.8290981564524166
=========================================

==== Random Decision Forest ====
Confusion Matrix:
 [[353   0   2   0   2   0   1   0   0   1]
 [  0 255   0   0   4   0   4   1   0   0]
 [  2   0 182   5   2   1   0   1   5   0]
 [  2   0   4 148   0  12   0   0   0   0]
 [  0   1   4   0 189   0   1   1   0   4]
 [  4   0   0   8   1 143   0   0   2   2]
 [  0   0   3   0   2   4 160   0   1   0]
 [  0   0   1   0   6   0   0 137   2   1]
 [  2   0   2   3   1   2   0   0 152   4]
 [  0   0   0   0   4   0   0   0   3 170]]
Classification Report:
               precision    recall  f1-score   support

           0       0.97      0.98      0.98       359
           1       1.00      0.97      0.98       264
           2       0.92      0.92      0.92       198
           3       0.90      0.89      0.90       166
           4       0.90      0.94      0.92       200
           5       0.88      0.89      0.89       160
           6       0.96      0.94      0.95       170
           7       0.98      0.93      0.95       147
           8       0.92      0.92      0.92       166
           9       0.93      0.96      0.95       177

    accuracy                           0.94      2007
   macro avg       0.94      0.93      0.94      2007
weighted avg       0.94      0.94      0.94      2007

Accuracy: 0.9412057797708022
=========================================

==== Multi-Layer Perceptron ====
Confusion Matrix:
 [[348   0   1   1   2   0   4   1   1   1]
 [  0 253   0   2   3   0   6   0   0   0]
 [  6   2 172   4   4   1   3   1   4   1]
 [  2   0   3 145   1  13   0   0   2   0]
 [  1   3   3   0 181   1   2   3   0   6]
 [  3   0   0   7   2 142   1   0   3   2]
 [  0   0   3   0   3   3 160   0   1   0]
 [  1   1   1   0   6   0   0 135   0   3]
 [  4   0   0   4   4   6   2   1 144   1]
 [  0   0   0   0   6   0   0   2   0 169]]
Classification Report:
               precision    recall  f1-score   support

           0       0.95      0.97      0.96       359
           1       0.98      0.96      0.97       264
           2       0.94      0.87      0.90       198
           3       0.89      0.87      0.88       166
           4       0.85      0.91      0.88       200
           5       0.86      0.89      0.87       160
           6       0.90      0.94      0.92       170
           7       0.94      0.92      0.93       147
           8       0.93      0.87      0.90       166
           9       0.92      0.95      0.94       177

    accuracy                           0.92      2007
   macro avg       0.92      0.91      0.91      2007
weighted avg       0.92      0.92      0.92      2007

Accuracy: 0.9212755356253114
=========================================
